1 1 2 10000
2 2 5 10000
3 3 5 10000
4 4 4 10000
5 5 1 10000
6 6 2 10000
7 7 1 10000
8 8 3 10000
9 9 4 10000
10 10 2 10000
11 11 4 10000
12 12 1 10000
13 13 1 10000
14 14 1 10000
15 15 1 10000
16 16 3 10000
17 17 1 10000
18 18 4 10000
19 19 4 10000
20 20 5 10000
21 21 1 10000
22 22 3 10000
23 23 2 10000
24 24 2 10000
25 25 4 10000
26 26 3 10000
27 27 1 10000
28 28 4 10000
29 29 2 10000
30 30 2 10000
31 31 5 10000
32 32 3 10000
33 33 5 10000
34 34 2 10000
35 35 1 10000
36 36 1 10000
37 37 2 10000
38 38 3 10000
39 39 4 10000
40 40 5 10000
41 41 4 10000
42 42 4 10000
43 43 1 10000
44 44 3 10000
45 45 5 10000
46 46 1 10000
47 47 2 10000
48 48 5 10000
49 49 4 10000
50 50 1 10000
51 51 5 10000
52 52 4 10000
53 53 4 10000
54 54 3 10000
55 55 5 10000
56 56 5 10000
57 57 3 10000
58 58 2 10000
59 59 1 10000
60 60 5 10000
61 61 4 10000
62 62 4 10000
63 63 2 10000
64 64 1 10000
65 65 2 10000
66 66 1 10000
67 67 1 10000
68 68 2 10000
69 69 3 10000
70 70 3 10000
71 71 3 10000
72 72 5 10000
73 73 2 10000
74 74 2 10000
75 75 5 10000
76 76 2 10000
77 77 4 10000
78 78 3 10000
79 79 1 10000
80 80 5 10000
81 81 1 10000
82 82 3 10000
83 83 1 10000
84 84 1 10000
85 85 2 10000
86 86 5 10000
87 87 4 10000
88 88 5 10000
89 89 2 10000
90 90 2 10000
91 91 4 10000
92 92 3 10000
93 93 2 10000
94 94 4 10000
95 95 2 10000
96 96 5 10000
97 97 5 10000
98 98 4 10000
99 99 4 10000
36 58 4 10000
38 42 1 10000
40 59 1 10000
14 11 5 10000
14 83 4 10000
28 53 1 10000
2 18 1 10000
54 27 4 10000
15 78 5 10000
32 97 3 10000
13 96 1 10000
3 38 2 10000
84 79 1 10000
28 99 3 10000
41 46 5 10000
84 82 5 10000
78 66 5 10000
33 25 1 10000
69 75 3 10000
63 92 5 10000
81 44 5 10000
86 85 2 10000
24 5 2 10000
89 29 4 10000
95 66 3 10000
78 32 5 10000
28 96 3 10000
23 60 2 10000
31 87 3 10000
37 52 5 10000
97 99 1 10000
30 32 4 10000
40 81 1 10000
29 9 2 10000
73 52 4 10000
98 95 4 10000
89 24 5 10000
21 53 1 10000
89 91 4 10000
51 26 5 10000
36 71 1 10000
22 32 3 10000
99 91 1 10000
6 4 3 10000
15 34 1 10000
68 14 1 10000
38 88 4 10000
66 93 4 10000
68 84 4 10000
77 78 2 10000
42 26 2 10000
5 44 4 10000
39 18 4 10000
11 23 2 10000
30 63 3 10000
2 1 3 10000
71 35 5 10000
8 97 3 10000
91 60 5 10000
54 35 1 10000
71 69 4 10000
10 77 1 10000
6 65 5 10000
10 68 3 10000
80 20 5 10000
6 29 1 10000
90 17 4 10000
45 14 1 10000
58 72 1 10000
42 88 1 10000
18 14 1 10000
59 63 1 10000
99 61 5 10000
72 61 3 10000
22 2 5 10000
89 3 4 10000
4 67 3 10000
32 82 2 10000
63 99 5 10000
67 12 2 10000
77 41 4 10000
8 62 5 10000
80 45 4 10000
76 37 5 10000
87 42 3 10000
50 4 1 10000
61 22 5 10000
37 24 3 10000
52 75 3 10000
26 12 3 10000
49 13 1 10000
69 64 1 10000
1 40 4 10000
47 77 4 10000
28 95 3 10000
67 53 1 10000
67 41 4 10000
61 60 3 10000
4 76 5 10000
9 64 5 10000
79 47 4 10000
22 18 3 10000
5 17 5 10000
91 90 1 10000
10 21 5 10000
33 13 1 10000
68 43 1 10000
49 34 4 10000
62 61 4 10000
54 76 1 10000
40 73 3 10000
93 81 4 10000
43 21 3 10000
65 62 2 10000
36 72 3 10000
42 1 3 10000
12 99 2 10000
91 54 5 10000
36 91 5 10000
80 84 4 10000
54 53 1 10000
13 55 1 10000
43 40 4 10000
5 67 4 10000
24 97 2 10000
79 59 2 10000
27 66 5 10000
9 98 4 10000
44 1 2 10000
94 81 4 10000
85 72 3 10000
42 27 2 10000
86 97 3 10000
9 23 5 10000
32 33 2 10000
76 17 1 10000
46 75 1 10000
99 97 3 10000
4 40 5 10000
57 43 3 10000
97 87 1 10000
18 86 1 10000
85 94 1 10000
81 23 2 10000
86 33 5 10000
85 60 3 10000
10 41 4 10000
44 65 2 10000
37 65 1 10000
54 3 2 10000
50 17 4 10000
73 31 2 10000
85 91 2 10000
81 41 4 10000
17 57 3 10000
90 16 2 10000
27 30 1 10000
56 20 1 10000
57 22 3 10000
88 78 2 10000
29 98 2 10000
51 22 2 10000
68 62 5 10000
67 5 3 10000
8 96 1 10000
3 87 5 10000
12 94 3 10000
7 21 4 10000
20 29 2 10000
85 43 2 10000
49 96 1 10000
49 58 4 10000
82 75 4 10000
14 76 2 10000
93 83 3 10000
35 61 5 10000
65 28 5 10000
12 76 3 10000
2 78 5 10000
97 53 5 10000
98 78 4 10000
97 46 2 10000
54 40 3 10000
95 53 3 10000
23 35 3 10000
17 81 3 10000
33 56 5 10000
63 24 2 10000
44 20 5 10000
56 49 3 10000
92 6 5 10000
42 3 1 10000
48 43 1 10000
59 81 4 10000
52 70 1 10000
1 13 2 10000
68 4 1 10000
52 90 1 10000
24 44 4 10000
62 22 2 10000
12 14 5 10000
70 33 5 10000
5 78 1 10000
65 42 2 10000
94 79 5 10000
49 2 2 10000
38 25 3 10000
44 34 5 10000
3 79 2 10000
65 77 3 10000
79 10 3 10000
24 13 3 10000
48 60 5 10000
57 10 3 10000
7 61 2 10000
10 6 4 10000
54 30 3 10000
34 73 2 10000
83 5 2 10000
77 76 4 10000
57 40 5 10000
94 54 2 10000
13 21 5 10000
42 54 5 10000
30 47 5 10000
66 14 4 10000
21 12 5 10000
4 83 5 10000
36 50 5 10000
83 3 1 10000
68 73 5 10000
54 42 4 10000
81 18 2 10000
66 55 1 10000
86 45 3 10000
69 48 2 10000
80 81 1 10000
89 54 1 10000
67 76 3 10000
47 93 5 10000
13 48 2 10000
98 54 3 10000
68 85 4 10000
58 57 3 10000
13 32 3 10000
56 38 5 10000
33 34 3 10000
5 51 2 10000
34 67 5 10000
44 26 5 10000
61 52 4 10000
21 49 3 10000
92 84 3 10000
53 94 1 10000
6 41 3 10000
11 95 2 10000
76 48 4 10000
60 88 2 10000
46 16 5 10000
7 50 4 10000
82 45 4 10000
58 64 5 10000
33 62 4 10000
69 90 3 10000
27 20 5 10000
64 30 2 10000
35 13 1 10000
61 33 2 10000
39 75 3 10000
41 28 3 10000
62 49 5 10000
33 57 2 10000
5 48 3 10000
49 15 1 10000
52 51 3 10000
35 86 2 10000
15 99 1 10000
81 62 2 10000
29 71 4 10000
85 21 1 10000
3 30 4 10000
96 40 2 10000
64 55 5 10000
81 48 5 10000
77 48 3 10000
62 98 5 10000
4 87 3 10000
93 67 5 10000
67 92 5 10000
7 74 5 10000
12 53 5 10000
65 91 4 10000
71 20 2 10000
29 95 5 10000
43 34 2 10000
25 59 1 10000
19 48 3 10000
14 10 3 10000
77 5 3 10000
2 35 2 10000
9 53 3 10000
26 62 4 10000
98 35 1 10000
55 68 1 10000
15 51 2 10000
94 90 4 10000
67 61 4 10000
31 21 2 10000
34 75 3 10000
67 43 5 10000
45 37 3 10000
50 32 2 10000
70 50 1 10000
40 46 3 10000
34 32 5 10000
49 72 1 10000
85 19 3 10000
21 65 3 10000
49 3 1 10000
98 48 4 10000
73 74 1 10000
65 74 1 10000
36 85 3 10000
99 84 4 10000
41 86 2 10000
27 63 5 10000
20 43 2 10000
85 75 5 10000
69 66 3 10000
49 18 2 10000
91 10 5 10000
28 12 5 10000
51 44 2 10000
65 94 4 10000
58 80 4 10000
97 95 5 10000
44 39 2 10000
16 20 2 10000
16 84 1 10000
46 29 2 10000
67 51 4 10000
54 46 1 10000
93 61 4 10000
70 87 3 10000
81 85 2 10000
54 77 1 10000
89 49 4 10000
54 47 4 10000
79 83 1 10000
67 89 1 10000
63 71 5 10000
86 29 4 10000
12 67 1 10000
35 42 3 10000
60 76 3 10000
61 50 2 10000
69 89 5 10000
10 49 4 10000
40 16 1 10000
20 92 3 10000
18 23 4 10000
87 60 3 10000
27 50 4 10000
67 9 4 10000
74 32 5 10000
48 7 3 10000
47 16 3 10000
21 87 3 10000
96 60 5 10000
98 19 1 10000
88 31 2 10000
19 68 5 10000
3 76 2 10000
88 90 1 10000
2 66 5 10000
79 40 2 10000
4 10 3 10000
11 69 1 10000
67 37 2 10000
10 26 1 10000
87 20 2 10000
62 47 3 10000
77 24 4 10000
80 23 3 10000
9 78 5 10000
4 69 5 10000
33 37 3 10000
1 70 2 10000
51 27 4 10000
97 81 3 10000
43 87 4 10000
78 52 2 10000
8 15 4 10000
5 93 5 10000
89 8 1 10000
25 54 4 10000
12 16 1 10000
84 15 1 10000
46 35 1 10000
81 38 1 10000
42 5 3 10000
82 69 1 10000
40 18 4 10000
76 27 2 10000
68 54 1 10000
38 41 1 10000
6 89 4 10000
51 98 5 10000
14 49 4 10000
37 63 5 10000
84 49 1 10000
46 78 2 10000
3 56 5 10000
79 89 2 10000
35 79 2 10000
93 42 4 10000
92 51 4 10000
72 71 1 10000
87 70 3 10000
88 49 1 10000
37 10 5 10000
15 64 2 10000
11 37 3 10000
2 65 1 10000
6 9 3 10000
96 7 1 10000
42 48 2 10000
18 32 3 10000
77 23 3 10000
53 26 4 10000
95 23 4 10000
15 44 2 10000
84 68 5 10000
65 23 5 10000
99 57 3 10000
83 56 5 10000
3 6 4 10000
95 39 4 10000
73 61 5 10000
75 29 5 10000
71 76 3 10000
24 23 2 10000
75 5 4 10000
22 46 4 10000
96 12 1 10000
91 99 4 10000
91 36 1 10000
9 81 1 10000
82 55 1 10000
70 77 1 10000
79 57 2 10000
28 75 5 10000
69 46 1 10000
9 77 5 10000
1 52 5 10000
54 79 1 10000
63 44 4 10000
83 76 2 10000
32 56 4 10000
44 23 4 10000
28 56 1 10000
20 54 3 10000
13 27 3 10000
28 94 2 10000
87 73 2 10000
72 67 2 10000
38 80 4 10000
11 6 2 10000
75 85 2 10000
4 33 4 10000
42 52 3 10000
51 24 5 10000
17 99 2 10000
42 45 5 10000
76 71 1 10000
17 45 4 10000
63 16 2 10000
85 11 2 10000
43 79 5 10000
13 98 2 10000
48 73 3 10000
4 21 3 10000
79 96 2 10000
67 33 1 10000
28 57 1 10000
18 48 5 10000
38 62 3 10000
64 99 4 10000
35 41 5 10000
20 88 1 10000
97 56 2 10000
15 77 5 10000
22 71 1 10000
89 30 3 10000
16 25 2 10000
61 39 5 10000
22 86 2 10000
88 76 4 10000
56 17 2 10000
4 32 3 10000
20 35 5 10000
80 7 4 10000
39 65 5 10000
31 42 3 10000
36 20 5 10000
62 83 5 10000
95 91 2 10000
67 28 2 10000
62 50 1 10000
7 23 3 10000
52 89 1 10000
33 88 4 10000
5 9 1 10000
69 93 4 10000
97 57 5 10000
10 42 5 10000
45 65 3 10000
19 12 2 10000
49 86 5 10000
50 59 2 10000
49 38 3 10000
93 85 3 10000
64 15 1 10000
89 82 4 10000
72 47 3 10000
49 80 4 10000
59 31 5 10000
63 25 4 10000
88 93 1 10000
64 49 5 10000
93 55 2 10000
50 13 4 10000
74 94 5 10000
24 47 1 10000
39 73 3 10000
74 19 1 10000
41 87 1 10000
67 23 3 10000
5 12 2 10000
23 86 5 10000
59 38 4 10000
55 30 5 10000
47 18 5 10000
37 9 5 10000
33 10 2 10000
4 11 5 10000
9 75 5 10000
67 54 4 10000
51 25 4 10000
71 42 2 10000
3 7 3 10000
78 6 5 10000
22 28 2 10000
47 60 4 10000
18 20 4 10000
61 18 5 10000
62 74 3 10000
98 40 2 10000
64 18 5 10000
93 2 2 10000
58 97 1 10000
68 51 1 10000
59 89 2 10000
49 25 4 10000
12 93 2 10000
79 22 5 10000
39 85 2 10000
90 43 1 10000
10 23 4 10000
87 94 3 10000
27 97 3 10000
60 94 1 10000
29 3 1 10000
22 68 3 10000
51 8 1 10000
92 27 4 10000
66 43 5 10000
81 73 5 10000
41 26 5 10000
54 36 1 10000
60 74 1 10000
80 3 4 10000
27 90 4 10000
88 97 1 10000
44 8 2 10000
75 78 2 10000
74 87 5 10000
70 65 4 10000
7 78 5 10000
81 84 1 10000
53 42 1 10000
89 94 2 10000
35 36 2 10000
45 46 1 10000
23 81 2 10000
23 62 1 10000
26 30 5 10000
9 82 2 10000
19 79 4 10000
39 81 2 10000
17 91 3 10000
59 68 1 10000
6 22 4 10000
22 5 4 10000
49 67 2 10000
84 33 1 10000
42 85 1 10000
80 57 4 10000
37 18 1 10000
14 73 4 10000
38 74 1 10000
17 24 3 10000
31 96 2 10000
30 68 3 10000
76 81 2 10000
85 51 2 10000
82 42 2 10000
18 13 4 10000
43 53 3 10000
44 84 4 10000
52 92 3 10000
25 56 3 10000
19 54 3 10000
23 3 3 10000
33 91 5 10000
6 51 4 10000
64 32 4 10000
17 39 4 10000
3 65 1 10000
17 6 1 10000
25 30 3 10000
58 51 3 10000
76 15 4 10000
7 79 5 10000
18 10 1 10000
38 23 4 10000
17 68 3 10000
21 9 1 10000
47 13 2 10000
99 24 5 10000
91 12 1 10000
67 45 2 10000
26 25 1 10000
75 28 4 10000
10 84 2 10000
83 24 3 10000
86 83 5 10000
44 71 2 10000
65 98 2 10000
12 28 1 10000
59 57 4 10000
31 11 4 10000
8 16 2 10000
88 48 3 10000
33 26 1 10000
58 78 3 10000
49 21 5 10000
17 1 3 10000
44 38 3 10000
3 74 1 10000
70 30 4 10000
91 13 2 10000
62 38 4 10000
9 38 4 10000
9 35 5 10000
99 58 4 10000
12 83 5 10000
8 30 3 10000
86 91 3 10000
54 37 1 10000
84 60 4 10000
46 65 3 10000
8 87 4 10000
26 34 3 10000
31 34 5 10000
87 95 3 10000
62 37 3 10000
33 24 5 10000
88 56 2 10000
54 16 3 10000
26 75 3 10000
23 88 4 10000
82 5 5 10000
55 58 3 10000
68 79 5 10000
32 80 3 10000
15 10 5 10000
45 82 1 10000
93 87 4 10000
52 67 5 10000
79 31 3 10000
32 31 4 10000
7 10 2 10000
46 74 1 10000
63 4 5 10000
6 90 1 10000
24 74 2 10000
91 48 1 10000
98 99 3 10000
87 97 4 10000
17 56 5 10000
62 24 5 10000
31 9 1 10000
64 94 5 10000
34 4 4 10000
35 71 3 10000
48 72 2 10000
93 76 3 10000
29 50 2 10000
47 41 2 10000
17 27 1 10000
74 81 2 10000
31 16 1 10000
49 83 4 10000
80 94 3 10000
3 80 3 10000
64 78 4 10000
40 72 4 10000
82 95 1 10000
81 77 1 10000
15 49 1 10000
10 30 4 10000
8 40 5 10000
93 6 4 10000
89 48 5 10000
31 76 3 10000
3 12 1 10000
75 57 5 10000
50 46 2 10000
58 16 4 10000
47 21 3 10000
4 96 3 10000
23 38 1 10000
62 92 4 10000
6 68 5 10000
8 63 5 10000
8 13 5 10000
41 77 2 10000
72 41 4 10000
67 93 1 10000
8 69 4 10000
97 54 5 10000
73 33 5 10000
63 83 4 10000
40 71 1 10000
27 80 3 10000
74 72 5 10000
43 85 5 10000
98 36 5 10000
28 14 3 10000
73 89 5 10000
34 23 3 10000
67 30 5 10000
45 88 2 10000
55 79 3 10000
41 25 3 10000
69 13 2 10000
41 95 2 10000
20 52 4 10000
90 3 4 10000
14 66 5 10000
25 74 4 10000
87 57 4 10000
79 74 1 10000
24 56 5 10000
77 56 1 10000
39 97 3 10000
71 28 5 10000
97 9 3 10000
9 20 1 10000
5 43 2 10000
87 77 2 10000
24 51 3 10000
96 26 5 10000
74 39 1 10000
28 44 2 10000
30 59 2 10000
55 94 3 10000
55 20 5 10000
39 31 4 10000
21 82 5 10000
47 2 5 10000
94 15 5 10000
48 85 3 10000
67 52 5 10000
65 15 4 10000
97 5 2 10000
26 63 3 10000
48 96 3 10000
12 20 2 10000
60 67 5 10000
88 61 4 10000
94 38 3 10000
65 52 5 10000
74 34 3 10000
67 66 4 10000
19 75 2 10000
80 15 1 10000
72 45 2 10000
6 46 3 10000
93 62 3 10000
58 95 4 10000
16 22 4 10000
42 13 1 10000
29 20 1 10000
83 97 2 10000
57 72 5 10000
63 19 3 10000
33 87 5 10000
75 33 4 10000
47 31 1 10000
20 32 2 10000
75 13 2 10000
15 32 1 10000
64 63 1 10000
49 44 5 10000
31 65 4 10000
92 91 5 10000
37 48 2 10000
60 50 2 10000
71 17 2 10000
95 54 1 10000
10 3 3 10000
67 82 1 10000
88 36 1 10000
49 14 1 10000
19 5 4 10000
51 5 2 10000
27 44 3 10000
81 54 4 10000
83 93 1 10000
21 8 5 10000
99 60 5 10000
95 81 2 10000
27 55 2 10000
32 15 3 10000
57 16 4 10000
2 19 5 10000
66 33 4 10000
8 5 5 10000
34 85 5 10000
94 48 1 10000
96 46 1 10000
22 48 1 10000
61 29 4 10000
16 31 5 10000
49 92 3 10000
2 44 5 10000
24 30 2 10000
80 46 4 10000
39 68 5 10000
36 64 2 10000
97 37 4 10000
89 45 2 10000
10 36 3 10000
2 31 3 10000
75 59 2 10000
21 42 2 10000
3 8 3 10000
3 50 3 10000
23 67 1 10000
42 12 5 10000
30 94 1 10000
32 10 4 10000
59 35 5 10000
98 69 3 10000
69 74 4 10000
22 15 5 10000
6 81 5 10000
58 5 4 10000
62 58 4 10000
41 47 5 10000
92 1 4 10000
47 11 3 10000
29 78 3 10000
56 71 3 10000
81 26 5 10000
97 27 4 10000
11 47 5 10000
19 21 4 10000
55 18 1 10000
18 60 5 10000
1 34 3 10000
31 27 2 10000
2 34 1 10000
28 31 5 10000
46 11 4 10000
72 50 2 10000
31 19 3 10000
94 13 3 10000
99 76 1 10000
85 39 4 10000
96 78 1 10000
58 41 4 10000
4 28 1 10000
16 50 1 10000
39 95 2 10000
47 17 2 10000
34 98 1 10000
30 91 2 10000
15 67 3 10000
75 36 1 10000
53 80 5 10000
82 35 2 10000
35 20 5 10000
22 58 2 10000
34 69 2 10000
79 26 4 10000
24 60 4 10000
11 12 1 10000
46 96 5 10000
8 58 3 10000
11 40 5 10000
28 50 2 10000
77 81 2 10000
61 99 5 10000
96 50 2 10000
28 13 2 10000
75 4 1 10000
32 41 5 10000
30 97 5 10000
73 25 3 10000
96 74 2 10000
50 96 5 10000
86 23 1 10000
91 80 2 10000
15 56 1 10000
1 28 3 10000
